0	983.25
0.1	983.25
0.2	983.25
0.3	982.5
0.4	982.5
0.5	982.5
0.6	983.25
0.7	983.25
0.816	983.25
0.932	983.25
1.048	983.25
1.164	983.25
1.28	983.25
1.396	983.25
1.512	983.25
1.628	980.25
1.697	966
1.814	966
1.83	965.25
1.9	964.5
2	962.25
2.1	960.75
2.2	958.5
2.3	956.25
2.4	954.75
2.5	952.5
2.6	951
2.7	948.75
2.8	946.5
2.9	944.25
3	942
3.099	941.25
3.2	939
3.299	937.5
3.399	935.25
3.499	933
3.599	931.5
3.699	929.25
3.799	927.75
3.899	925.5
3.999	924
4.099	921.75
4.199	920.25
4.299	918
4.399	916.5
4.499	915
4.599	913.5
4.699	911.25
4.799	909.75
4.899	907.5
4.999	906.75
5.099	904.5
5.199	903
5.299	900.75
5.399	899.25
5.499	897.75
5.599	896.25
5.699	894
5.799	892.5
5.899	891
5.999	889.5
6.099	888
6.199	885.75
6.299	884.25
6.399	882.75
6.499	881.25
6.599	879.75
6.699	878.25
6.799	876
6.899	875.25
6.999	873
7.099	872.25
7.199	870.75
7.299	868.5
7.399	867
7.5	865.5
7.599	864
7.699	863.25
7.799	861
7.9	859.5
7.999	858
8.099	857.25
8.199	855
8.299	854.25
8.399	852
8.499	850.5
8.599	849
8.699	847.5
8.799	846
8.899	844.5
8.999	843.75
9.099	842.25
9.199	840.75
9.299	839.25
9.399	837.75
9.499	837
9.599	835.5
9.699	834
9.799	833.25
9.899	831
9.999	830.25
10.099	828.75
10.199	827.25
10.299	825.75
10.399	824.25
10.499	823.5
10.599	822
10.699	821.25
10.799	819.75
10.899	818.25
10.999	817.5
11.099	816
11.199	814.5
11.299	813
11.399	812.25
11.499	810.75
11.6	809.25
11.7	808.5
11.8	807
11.9	805.5
12	804.75
12.1	803.25
12.2	801.75
12.3	801
12.4	799.5
12.5	798.75
12.6	797.25
12.7	795.75
12.8	795
12.9	793.5
13	792.75
13.1	791.25
13.2	789.75
13.3	789
13.4	788.25
13.5	786
13.6	785.25
13.7	783.75
13.8	783
13.9	782.25
14	780
14.1	779.25
14.2	778.5
14.3	777
14.4	776.25
14.5	774
14.6	773.25
14.699	772.5
14.8	771
14.9	771
15	769.5
15.1	768
15.2	767.25
15.3	765.75
15.4	765
15.5	764.25
15.6	762.75
15.7	761.25
15.8	760.5
15.9	759
16	758.25
16.1	756.75
16.2	756
16.301	754.5
16.4	753
16.5	752.25
16.6	751.5
16.7	750
16.8	749.25
16.9	748.5
17	747
17.1	745.5
17.2	744.75
17.3	744
17.4	743.25
17.5	741.75
17.6	741
17.7	740.25
17.8	738.75
17.9	738
18	736.5
18.1	735.75
18.2	735
18.3	733.5
18.4	732.75
18.5	731.25
18.6	730.5
18.7	729
18.8	728.25
18.9	727.5
19	726
19.1	725.25
19.2	724.5
19.3	723
19.4	722.25
19.5	721.5
19.6	720
19.7	719.25
19.8	718.5
19.9	717.75
20	716.25
20.1	715.5
20.2	714
20.3	714
20.399	713.25
20.5	711.75
20.6	711
20.7	710.25
20.8	709.5
20.9	708
21.001	707.25
21.099	706.5
21.199	705.75
21.299	705
21.399	704.25
21.499	703.5
21.599	702.75
21.699	701.25
21.799	700.5
21.899	699.75
22	699
22.099	698.25
22.199	697.5
22.299	696
22.399	695.25
22.499	694.5
22.599	693.75
22.699	693
22.799	691.5
22.899	691.5
22.999	690
23.099	689.25
23.199	688.5
23.299	687.75
23.399	687
23.499	686.25
23.6	685.5
23.699	684.75
23.799	684
23.902	683.25
23.999	681.75
24.099	681
24.199	680.25
24.299	679.5
24.399	678.75
24.499	678
24.599	677.25
24.699	676.5
24.799	675.75
24.899	674.25
24.999	673.5
25.099	672.75
25.199	672.75
25.299	672
25.399	671.25
25.499	669.75
25.599	669
25.699	668.25
25.799	666.75
25.899	666
25.999	665.25
26.099	664.5
26.199	663.75
26.299	663.75
26.399	662.25
26.499	660.75
26.599	660
26.699	659.25
26.799	657.75
26.899	657.75
26.999	657
27.099	656.25
27.199	654.75
27.299	654
27.399	653.25
27.499	652.5
27.599	651
27.699	651
27.799	650.25
27.899	648.75
27.999	648
28.099	647.25
28.199	646.5
28.299	645
28.399	645
28.499	643.5
28.599	642.75
28.699	642
28.799	641.25
28.899	640.5
29	639
29.099	638.25
29.2	637.5
29.3	636.75
29.4	636
29.5	635.25
29.6	634.5
29.7	633.75
29.8	632.25
29.9	631.5
30	630.75
30.1	630
30.2	629.25
30.3	628.5
30.4	627.75
30.5	627
30.6	626.25
30.699	625.5
30.8	624
30.9	623.25
31	622.5
31.1	621.75
31.2	621
31.3	620.25
31.4	618.75
31.5	618
31.6	617.25
31.7	616.5
31.8	615.75
31.9	615
32	614.25
32.1	613.5
32.2	612
32.3	611.25
32.4	610.5
32.5	609.75
32.6	609
32.7	608.25
32.8	607.5
32.9	606.75
33	606
33.1	604.5
33.2	603.75
33.3	603
33.4	603
33.5	602.25
33.6	600.75
33.7	600
33.8	599.25
33.9	598.5
34	597.75
34.1	597
34.2	596.25
34.3	595.5
34.4	594
34.5	593.25
34.6	592.5
34.7	592.5
34.8	591
34.9	591
35	590.25
35.1	588.75
35.2	588
35.3	587.25
35.4	586.5
35.5	585.75
35.6	585
35.7	584.25
35.8	583.5
35.9	582
36.001	582
36.1	581.25
36.2	579.75
36.3	579
36.4	578.25
36.5	578.25
36.6	577.5
36.7	576.75
36.8	576
36.9	575.25
37	573.75
37.1	573
37.2	573
37.3	572.25
37.4	571.5
37.5	570.75
37.599	570
37.7	569.25
37.8	567.75
37.9	567
38	567
38.1	565.5
38.2	564.75
38.3	564
38.401	563.25
38.499	562.5
38.6	561.75
38.7	561
38.8	561
38.899	559.5
38.999	559.5
39.099	558.75
39.199	558
39.299	556.5
39.399	555.75
39.499	555.75
39.599	554.25
39.699	554.25
39.799	553.5
39.899	552
39.999	552
40.099	551.25
40.199	550.5
40.299	549.75
40.399	549
40.499	548.25
40.599	547.5
40.699	546.75
40.799	546
40.899	545.25
40.999	544.5
41.099	544.5
41.199	543
41.299	543
41.399	541.5
41.499	540.75
41.599	540
41.699	540
41.799	539.25
41.899	538.5
42	537.75
42.099	537
42.199	536.25
42.3	535.5
42.399	534.75
42.499	534
42.6	533.25
42.699	532.5
42.799	531.75
42.899	531
43	530.25
43.099	530.25
43.199	528.75
43.299	528.75
43.399	528
43.499	527.25
43.599	526.5
43.699	525.75
43.799	525
43.899	524.25
43.999	523.5
44.099	522.75
44.199	522.75
44.299	521.25
44.399	521.25
44.499	520.5
44.599	519.75
44.699	519
44.799	518.25
44.899	517.5
44.999	516.75
45.099	516
45.199	516
45.3	514.5
45.399	514.5
45.499	513.75
45.599	513
45.699	512.25
45.799	512.25
45.899	510.75
45.999	510
46.099	509.25
46.199	508.5
46.3	508.5
46.4	507.75
46.5	507
46.6	506.25
46.7	506.25
46.8	504.75
46.9	504
47	503.25
47.1	503.25
47.2	502.5
47.3	501.75
47.4	501.75
47.5	501
47.6	500.25
47.7	499.5
47.8	498
47.9	498
48	497.25
48.1	496.5
48.201	495.75
48.3	495.75
48.402	495
48.5	494.25
48.6	493.5
48.7	493.5
48.8	492
48.9	491.25
49	491.25
49.1	490.5
49.2	489.75
49.3	489
49.4	488.25
49.5	488.25
49.6	487.5
49.7	486.75
49.8	486
49.9	486
50.001	484.5
50.1	483.75
50.2	483.75
50.3	483
50.4	482.25
50.5	481.5
50.6	481.5
50.7	480.75
50.8	480
50.9	479.25
51	479.25
51.099	478.5
51.2	477.75
51.3	477
51.4	477
51.5	476.25
51.6	475.5
51.7	474.75
51.8	474
51.9	474
52	473.25
52.1	472.5
52.2	471.75
52.3	471
52.4	471
52.5	470.25
52.6	469.5
52.7	468.75
52.8	468
52.9	468
53	467.25
53.1	466.5
53.2	465.75
53.3	465.75
53.4	465
53.5	464.25
53.6	463.5
53.7	462.75
53.8	462.75
53.9	462
54	461.25
54.1	460.5
54.2	460.5
54.3	459.75
54.4	459
54.5	458.25
54.6	457.5
54.7	457.5
54.8	456.75
54.9	456
55.001	456
55.1	454.5
55.2	454.5
55.3	453.75
55.4	453
55.5	453
55.6	452.25
55.7	452.25
55.8	451.5
55.9	450.75
56	450
56.1	450
56.2	449.25
56.3	448.5
56.4	447.75
56.5	447
56.599	447
56.699	446.25
56.799	445.5
56.899	444.75
56.999	444.75
57.099	444
57.199	443.25
57.299	443.25
57.399	442.5
57.499	441.75
57.599	441
57.699	441
57.799	440.25
57.899	440.25
57.999	438.75
58.099	438.75
58.199	438
58.299	437.25
58.399	436.5
58.499	436.5
58.599	435.75
58.699	435
58.799	435
58.899	435
58.999	433.5
59.099	433.5
59.199	432.75
59.299	432.75
59.4	432
59.499	431.25
59.599	431.25
59.699	430.5
59.799	429.75
59.899	429.75
59.999	429
60.099	428.25
60.199	428.25
60.299	426.75
60.399	426.75
60.499	426
60.599	426
60.699	425.25
60.799	424.5
60.899	423.75
60.999	423.75
61.099	423
61.199	422.25
61.299	421.5
61.399	421.5
61.501	420.75
61.599	420
61.699	420
61.799	420
61.899	419.25
61.999	418.5
62.099	417.75
62.199	417.75
62.299	417
62.399	416.25
62.499	416.25
62.599	416.25
62.699	414.75
62.799	414
62.899	414
62.999	413.25
63.099	413.25
63.199	412.5
63.299	412.5
63.399	411
63.5	411
63.6	410.25
63.7	409.5
63.8	409.5
63.9	409.5
64	408.75
64.1	408
64.2	407.25
64.3	407.25
64.4	407.25
64.5	406.5
64.6	405.75
64.7	405
64.8	405
64.9	404.25
65	404.25
65.1	403.5
65.2	402.75
65.3	402.75
65.401	402
65.5	401.25
65.6	401.25
65.7	400.5
65.8	400.5
65.9	399
66	399
66.1	399
66.2	398.25
66.3	397.5
66.4	397.5
66.5	396.75
66.6	396.75
66.7	396
66.8	395.25
66.9	394.5
67	393.75
67.1	393.75
67.2	393
67.3	393
67.4	392.25
67.5	392.25
67.6	391.5
67.7	390.75
67.8	390.75
67.9	390
68	390
68.1	388.5
68.2	388.5
68.3	388.5
68.4	387.75
68.5	387.75
68.6	387
68.7	386.25
68.8	386.25
68.9	385.5
69	384.75
69.1	384.75
69.2	384
69.3	384
69.4	383.25
69.5	383.25
69.6	382.5
69.7	381.75
69.8	381.75
69.9	381
70	381
70.1	380.25
70.2	379.5
70.3	379.5
70.4	378
70.5	378
70.6	378
70.7	378
70.8	377.25
70.9	376.5
71	376.5
71.1	375.75
71.2	375
71.3	375
71.4	374.25
71.5	373.5
71.6	373.5
71.7	372.75
71.8	372.75
71.9	372
72.001	372
72.1	371.25
72.2	370.5
72.3	370.5
72.4	369.75
72.5	369.75
72.6	369
72.7	368.25
72.8	368.25
72.9	367.5
73	367.5
73.1	366.75
73.2	366
73.3	366
73.4	365.25
73.5	365.25
73.6	365.25
73.7	364.5
73.8	363.75
73.9	363
74	363
74.1	363
74.2	362.25
74.299	362.25
74.399	361.5
74.499	360.75
74.599	360
74.699	360.75
74.799	360
74.899	359.25
74.999	359.25
75.099	358.5
75.199	358.5
75.299	357.75
75.4	357
75.499	357
75.599	356.25
75.699	355.5
75.799	355.5
75.899	355.5
76	354.75
76.099	354
76.199	354
76.299	354
76.399	353.25
76.499	353.25
76.599	352.5
76.699	352.5
76.799	351.75
76.899	351
76.999	351
77.099	350.25
77.199	349.5
77.299	349.5
77.399	349.5
77.499	348.75
77.599	348.75
77.699	348
77.799	347.25
77.899	346.5
78	347.25
78.099	346.5
78.199	345.75
78.299	345.75
78.399	345
78.499	345
78.599	344.25
78.699	343.5
78.799	343.5
78.899	343.5
78.999	342.75
79.099	342.75
79.199	342
79.299	342
79.399	341.25
79.499	341.25
79.599	340.5
79.699	340.5
79.799	339.75
79.899	339
79.999	339
80.099	339
80.199	338.25
80.299	338.25
80.399	337.5
80.499	337.5
80.599	336.75
80.7	336
80.8	336
80.9	336
81	336
81.1	335.25
81.2	334.5
81.3	334.5
81.4	334.5
81.5	333.75
81.6	333.75
81.7	333
81.8	333
81.9	332.25
82	332.25
82.1	331.5
82.2	331.5
82.3	330.75
82.4	330.75
82.5	330
82.6	330
82.7	329.25
82.8	328.5
82.9	328.5
83	328.5
83.1	327.75
83.2	327
83.3	327
83.4	327
83.5	326.25
83.6	326.25
83.7	325.5
83.8	324.75
83.9	324.75
84	324
84.1	324
84.2	323.25
84.3	323.25
84.4	322.5
84.5	322.5
84.6	322.5
84.7	321.75
84.8	321.75
84.9	321
85	321
85.1	321
85.2	320.25
85.3	320.25
85.4	319.5
85.499	318.75
85.6	318.75
85.7	318
85.8	318
85.9	317.25
86	317.25
86.1	317.25
86.2	316.5
86.3	316.5
86.4	315.75
86.5	315.75
86.6	315
86.7	315
86.8	315
86.9	314.25
87	313.5
87.1	313.5
87.2	312.75
87.3	312.75
87.4	312
87.5	312
87.6	312
87.7	312
87.8	311.25
87.9	310.5
88	310.5
88.1	309.75
88.2	309.75
88.3	309.75
88.4	309
88.5	309
88.6	308.25
88.7	308.25
88.8	307.5
88.9	307.5
89	306.75
89.1	306
89.2	306
89.3	306
89.4	305.25
89.5	305.25
89.6	305.25
89.7	304.5
89.8	304.5
89.9	303.75
90	303.75
90.1	303.75
90.2	303
90.3	303
90.4	302.25
90.5	302.25
90.6	301.5
90.7	301.5
90.8	300.75
90.9	300.75
91	300.75
91.1	300
91.2	300
91.3	299.25
91.4	299.25
91.5	299.25
91.6	298.5
91.7	298.5
91.8	297.75
91.9	297.75
91.999	297
92.099	297
92.199	296.25
92.299	296.25
92.399	296.25
92.499	295.5
92.599	295.5
92.699	294.75
92.799	294
92.899	294.75
92.999	294
93.099	294
93.199	293.25
93.3	293.25
93.399	293.25
93.499	292.5
93.599	292.5
93.699	291.75
93.799	291.75
93.899	291
93.999	291.75
94.099	291
94.2	290.25
94.299	290.25
94.399	290.25
94.499	289.5
94.599	289.5
94.699	289.5
94.799	288.75
94.899	288.75
94.999	288
95.099	288
95.199	288
95.299	287.25
95.399	287.25
95.499	286.5
95.599	286.5
95.699	286.5
95.799	285.75
95.899	285.75
95.999	285.75
96.099	285
96.199	285
96.299	285
96.399	284.25
96.499	284.25
96.599	283.5
96.699	283.5
96.799	283.5
96.899	282.75
96.999	282
97.099	282.75
97.199	282
97.299	281.25
97.399	282
97.499	281.25
97.599	281.25
97.699	280.5
97.799	280.5
97.9	279.75
98	279.75
98.1	279.75
98.2	279
98.3	278.25
98.4	278.25
98.5	278.25
98.6	277.5
98.7	277.5
98.8	276.75
98.9	276.75
99	276.75
99.1	276
99.2	276
99.3	276
99.4	275.25
99.5	275.25
99.6	274.5
99.7	275.25
99.8	274.5
99.9	273.75
100	273
100.1	273
100.2	273
100.3	273
100.4	273
100.5	272.25
100.6	272.25
100.7	272.25
100.8	271.5
100.9	270.75
101	270.75
101.1	270
101.2	270
101.3	270
101.4	270
101.5	269.25
101.6	269.25
101.7	269.25
101.8	268.5
101.9	268.5
102	268.5
102.1	268.5
102.2	267.75
102.3	267
102.4	267
102.5	267
102.6	267
102.7	266.25
102.8	265.5
102.9	266.25
103	265.5
103.1	265.5
103.2	265.5
103.3	264
103.4	264
103.5	264
103.6	264
103.7	263.25
103.8	263.25
103.9	263.25
104	263.25
104.1	262.5
104.2	262.5
104.3	261.75
104.4	261.75
104.5	261.75
104.6	261
104.7	261
104.8	261
104.9	261
105	260.25
105.1	260.25
105.2	260.25
105.3	259.5
105.4	259.5
105.5	259.5
105.6	258.75
105.7	258.75
105.8	258
105.9	258
106	258
106.1	258
106.2	257.25
106.3	257.25
106.4	257.25
106.5	256.5
106.6	257.25
106.701	256.5
106.8	255.75
106.9	255.75
107	255.75
107.1	255.75
107.2	255
107.3	255
107.4	254.25
107.5	254.25
107.6	254.25
107.7	254.25
107.8	253.5
107.9	253.5
108	252.75
108.1	252.75
108.2	252.75
108.3	252
108.4	252
108.501	252
108.6	252
108.7	251.25
108.8	251.25
108.9	251.25
109	250.5
109.1	250.5
109.2	250.5
109.3	249.75
109.4	249.75
109.5	249.75
109.6	249
109.7	249
109.799	249
109.899	249
109.999	248.25
110.099	247.5
110.199	247.5
110.299	247.5
110.399	247.5
110.499	246.75
110.601	246.75
110.699	246.75
110.799	246
110.899	246
110.999	246
111.099	246
111.199	245.25
111.301	244.5
111.399	244.5
111.499	245.25
111.599	244.5
111.699	244.5
111.799	244.5
111.899	243.75
111.999	243.75
112.099	243.75
112.199	243
112.299	243
112.399	243
112.5	243
112.599	243
112.699	242.25
112.799	242.25
112.899	242.25
112.999	242.25
113.099	241.5
113.199	241.5
113.299	241.5
113.399	241.5
113.499	240.75
113.599	240.75
113.699	240
113.799	240.75
113.9	240
114.001	240
114.099	240
114.199	239.25
114.299	239.25
114.399	239.25
114.499	238.5
114.599	238.5
114.699	238.5
114.799	237.75
114.899	237.75
114.999	237.75
115.099	237.75
115.2	237
115.3	237
115.4	237
115.5	237
115.6	236.25
115.7	236.25
115.8	236.25
115.902	236.25
116	236.25
116.1	235.5
116.2	235.5
116.3	235.5
116.401	235.5
116.5	235.5
116.6	234.75
116.7	234
116.801	234
116.9	234
117	234
117.1	233.25
117.2	234
117.3	233.25
117.4	233.25
117.5	233.25
117.6	233.25
117.7	233.25
117.8	232.5
117.9	233.25
118	232.5
118.1	232.5
118.2	231.75
118.3	231.75
118.4	231.75
118.5	231.75
118.6	231.75
118.7	231
118.8	231
118.9	231
119	231
119.1	230.25
119.2	231
119.3	231
119.4	231
119.501	231
119.6	231
119.7	231
119.8	231
119.9	231
120	231
120.1	231
120.2	231
120.3	231
120.4	231
120.502	231
120.6	231
120.7	231
120.8	231
120.9	230.25
121	230.25
121.1	230.25
121.2	230.25
121.3	229.5
121.4	229.5
121.501	229.5
121.6	229.5
121.7	228.75
121.8	228.75
121.9	228
122	228
122.1	228
122.2	228
122.3	227.25
122.401	227.25
122.5	227.25
122.6	227.25
122.7	227.25
122.799	227.25
122.9	227.25
123	226.5
123.1	226.5
123.2	226.5
123.3	226.5
123.4	225.75
123.5	225.75
123.6	225.75
123.7	225.75
123.8	225
123.901	225
124	225
124.1	224.25
124.2	224.25
124.3	224.25
124.4	223.5
124.5	223.5
124.6	223.5
124.7	223.5
124.8	223.5
124.9	222.75
125	222.75
125.101	222.75
125.2	222
125.3	222
125.4	222
125.5	222
125.6	222
125.7	221.25
125.8	221.25
125.9	221.25
126	221.25
126.1	220.5
126.2	220.5
126.3	220.5
126.402	219.75
126.5	219.75
126.6	219.75
126.7	219
126.8	219
126.9	219
127	219
127.1	218.25
127.199	218.25
127.3	217.5
127.4	217.5
127.5	218.25
127.599	217.5
127.7	217.5
127.799	217.5
127.899	216.75
128	216.75
128.099	216.75
128.199	216.75
128.3	216.75
128.399	216
128.499	216.75
128.599	216
128.699	216
128.799	216
128.899	216
128.999	215.25
129.099	215.25
129.199	215.25
129.299	214.5
129.399	214.5
129.499	214.5
129.599	214.5
129.699	213.75
129.799	213.75
129.899	213.75
129.999	213
130.099	213
130.199	213.75
130.299	213
130.399	213
130.499	213
130.599	212.25
130.699	213
130.8	211.5
130.9	212.25
130.999	212.25
131.1	211.5
131.2	211.5
131.299	211.5
131.4	210.75
131.5	210.75
131.599	210.75
131.7	210.75
131.8	210
131.899	210.75
132.001	210
132.1	210
132.199	210
132.299	209.25
132.4	209.25
132.5	209.25
132.6	208.5
132.7	209.25
132.8	208.5
132.9	208.5
133	208.5
133.1	207.75
133.2	208.5
133.3	207.75
133.4	207.75
133.5	207.75
133.6	207.75
133.7	207
133.8	207
133.9	207
134	207
134.1	207
134.2	207
134.3	207
134.401	206.25
134.5	206.25
134.6	206.25
134.7	205.5
134.8	205.5
134.9	205.5
135	205.5
135.1	205.5
135.2	205.5
135.3	205.5
135.4	204.75
135.5	204.75
135.6	204
135.7	204.75
135.8	204
135.9	204.75
136	204
136.1	204
136.2	203.25
136.3	203.25
136.4	203.25
136.5	203.25
136.6	203.25
136.7	202.5
136.8	202.5
136.899	202.5
137	202.5
137.1	201.75
137.2	201.75
137.3	201.75
137.4	201.75
137.5	201
137.6	201
137.7	201.75
137.8	201
137.9	200.25
137.999	201
138.1	200.25
138.2	200.25
138.3	200.25
138.4	200.25
138.499	200.25
138.6	199.5
138.7	199.5
138.8	198.75
138.9	199.5
139	198.75
139.1	198.75
139.2	198.75
139.301	198.75
139.399	198
139.5	198
139.6	198
139.7	198
139.8	198
139.9	198
140	198
140.099	198
140.2	197.25
140.3	198
140.399	197.25
140.5	197.25
140.6	197.25
140.699	197.25
140.8	197.25
140.9	197.25
141	197.25
141.1	197.25
141.2	196.5
141.3	196.5
141.4	196.5
141.5	196.5
141.6	196.5
141.7	195.75
141.8	195.75
141.9	195.75
142	195.75
142.1	195.75
142.2	195
142.3	195.75
142.4	195
142.5	195
142.6	195
142.7	195
142.8	195
142.9	194.25
143	194.25
143.1	194.25
143.2	194.25
143.3	194.25
143.4	194.25
143.5	194.25
143.6	194.25
143.7	194.25
143.8	194.25
143.9	193.5
144	193.5
144.1	194.25
144.2	194.25
144.3	193.5
144.4	193.5
144.5	193.5
144.6	193.5
144.7	193.5
144.8	193.5
144.9	192.75
145	193.5
145.1	192.75
145.199	192.75
145.299	192.75
145.399	193.5
145.499	192.75
145.599	192.75
145.699	192
145.799	192
145.899	192
145.999	192
146.099	192.75
146.199	192
146.299	192
146.399	192
146.499	191.25
146.599	192
146.699	192
146.799	191.25
146.899	191.25
146.999	190.5
147.099	190.5
147.199	190.5
147.299	190.5
147.399	190.5
147.499	190.5
147.599	189.75
147.699	189.75
147.8	189.75
147.899	189.75
147.999	189
148.099	189.75
148.199	189.75
148.299	189
148.399	189
148.499	189.75
148.599	189
148.699	189
148.799	189
148.899	189
148.999	188.25
149.099	188.25
149.199	189
149.299	188.25
149.399	188.25
149.499	188.25
149.6	188.25
149.7	187.5
149.8	187.5
149.9	187.5
150	186.75
